
> D:\packetlogs\lobby_tap.log:2281:[761] [A->W] 2026-09-13T02:51:35.619Z len=82
  D:\packetlogs\lobby_tap.log:2282:52 00 00 00 49 14 12 00 00 00 01 00 00 00 00 00 00 00 3C 00 46 00 4F 00 4E 00 54 00 3E 00 68 00 65 00 79 00 20 00 77 00 68 00 61 00 74 00 73 00 20 00 75 00 70 00 20 00 68 00 65 00 6C 00 6C 00 6F 00 3C 00 2F 00 46 00 4F 00 4E 00 54 00 3E 00 00 00
> D:\packetlogs\lobby_tap.log:2284:[762] [W->A] 2026-09-13T02:51:35.619Z len=133
  D:\packetlogs\lobby_tap.log:2285:85 00 00 00 F7 13 16 00 00 00 10 00 00 00 26 00 00 00 5F 00 00 00 F0 0A 00 00 E7 00 00 00 00 00 00 00 00 00 60 0E 5F 00 6B 7D 17 00 1F 00 00 00 00 00 01 00 F0 0A 00 80 00 00 00 00 00 64 00 6F 00 62 00 00 00 3C 00 46 00 4F 00 4E 00 54 00 3E 00 68 00 65 00 79 00 20 00 77 00 68 00 61 00 74 00 73 00 20 00 75 00 70 00 20 00 68 00 65 00 6C 00 6C 00 6F 00 3C 00 2F 00 46 00 4F 00 4E 00 54 00 3E 00 00 00
> D:\packetlogs\lobby_tap.log:2287:[763] [A->W] 2026-09-13T02:51:35.650Z len=39
  D:\packetlogs\lobby_tap.log:2288:27 00 00 00 F6 13 1E 00 00 00 09 00 00 00 01 00 F0 0A 00 80 00 00 F1 4E 02 00 00 00 00 00 09 00 2C E2 10 00 00 00 01
> D:\packetlogs\lobby_tap.log:2290:[764] [W->A] 2026-09-13T02:51:35.652Z len=59
  D:\packetlogs\lobby_tap.log:2291:3B 00 00 00 F7 13 16 00 00 00 10 00 00 00 26 00 00 00 15 00 00 00 F0 0A 00 00 E7 00 00 00 00 00 00 00 00 00 68 0E 15 00 0E CF 01 00 F0 0A 00 80 00 00 10 00 00 00 00 00 00 00 00
> D:\packetlogs\lobby_tap.log:2293:[765] [W->A] 2026-09-13T02:51:35.810Z len=14
  D:\packetlogs\lobby_tap.log:2294:0E 00 00 00 F2 13 00 00 00 00 00 00 00 00
> D:\packetlogs\lobby_tap.log:2296:[766] [W->A] 2026-09-13T02:51:35.841Z len=58
  D:\packetlogs\lobby_tap.log:2297:3A 00 00 00 F7 13 16 00 00 00 10 00 00 00 26 00 00 00 14 00 00 00 F0 0A 00 00 E7 00 00 00 00 00 00 00 00 00 70 0E 14 00 4C 88 01 00 08 00 08 00 00 00 00 00 00 00 63 08 00 00
> D:\packetlogs\lobby_tap.log:2299:[767] [W->A] 2026-09-13T02:51:35.841Z len=74
  D:\packetlogs\lobby_tap.log:2300:4A 00 00 00 F7 13 16 00 00 00 10 00 00 00 26 00 00 00 24 00 00 00 F0 0A 00 00 E7 00 00 00 00 00 00 00 00 00 78 0E 24 00 82 4F 0A 03 00 00 1C 05 00 00 08 00 00 00 00 00 00 00 01 00 F0 0A 00 80 00 00 00 00 00 00 00 00 00 00
> D:\packetlogs\lobby_tap.log:2302:[768] [W->A] 2026-09-13T02:51:35.874Z len=128
  D:\packetlogs\lobby_tap.log:2303:80 00 00 00 F7 13 16 00 00 00 10 00 00 00 26 00 00 00 5A 00 00 00 F0 0A 00 00 E7 00 00 00 00 00 00 00 00 00 80 0E 5A 00 24 D9 0E 00 E5 35 03 00 00 80 0C 00 40 00 6D 00 6F 00 6E 00 73 00 74 00 65 00 72 00 42 00 65 00 68 00 61 00 76 00 69 00 6F 00 72 00 3A 00 36 00 33 00 31 00 30 00 30 00 30 00 31 00 32 00 0B 00 74 00 61 00 72 00 67 00 65 00 74 00 4E 00 61 00 6D 00 65 00 0B 00 00 00
> D:\packetlogs\lobby_tap.log:2305:[769] [W->A] 2026-09-13T02:51:35.887Z len=128
  D:\packetlogs\lobby_tap.log:2306:80 00 00 00 F7 13 16 00 00 00 10 00 00 00 26 00 00 00 5A 00 00 00 F0 0A 00 00 E7 00 00 00 00 00 00 00 00 00 88 0E 5A 00 24 D9 0E 00 97 06 03 00 00 80 0C 00 40 00 6D 00 6F 00 6E 00 73 00 74 00 65 00 72 00 42 00 65 00 68 00 61 00 76 00 69 00 6F 00 72 00 3A 00 36 00 33 00 31 00 30 00 30 00 30 00 31 00 30 00 0B 00 74 00 61 00 72 00 67 00 65 00 74 00 4E 00 61 00 6D 00 65 00 0B 00 00 00
> D:\packetlogs\lobby_tap.log:2308:[770] [W->A] 2026-09-13T02:51:36.498Z len=128
  D:\packetlogs\lobby_tap.log:2309:80 00 00 00 F7 13 16 00 00 00 10 00 00 00 26 00 00 00 5A 00 00 00 F0 0A 00 00 E7 00 00 00 00 00 00 00 00 00 90 0E 5A 00 24 D9 0E 00 63 ED 02 00 00 80 0C 00 40 00 6D 00 6F 00 6E 00 73 00 74 00 65 00 72 00 42 00 65 00 68 00 61 00 76 00 69 00 6F 00 72 00 3A 00 36 00 33 00 31 00 30 00 30 00 30 00 30 00 35 00 0B 00 74 00 61 00 72 00 67 00 65 00 74 00 4E 00 61 00 6D 00 65 00 0B 00 00 00
> D:\packetlogs\lobby_tap.log:2311:[771] [W->A] 2026-09-13T02:51:36.561Z len=189
  D:\packetlogs\lobby_tap.log:2312:BD 00 00 00 F7 13 16 00 00 00 10 00 00 00 26 00 00 00 97 00 00 00 F0 0A 00 00 E7 00 00 00 00 00 00 00 00 00 98 0E 97 00 78 CF 00 00 00 00 00 00 00 00 87 00 41 04 03 00 00 80 0C 00 00 00 00 00 00 00 00 00 04 D1 39 43 DF 87 96 45 00 00 D1 44 77 28 0C 00 00 00 D9 07 00 00 3F 00 00 00 00 00 3C 00 6E 00 00 00 00 00 A7 B7 FD FF 05 00 00 00 01 01 01 00 00 00 00 00 00 00 00 00 00 00 00 00 00 00 00 00 00 00 00 00 00 00 00 00 00 00 00 00 00 00 00 00 00 00 00 00 00 00 00 00 00 00 00 00 00 00 00 01 00 00 00 01 00 00 00 00 00 A8 BC AC B9 74 CE 20 00 BD AC 44 BE D1 BC 00 00
> D:\packetlogs\lobby_tap.log:2314:[772] [W->A] 2026-09-13T02:51:36.561Z len=82
  D:\packetlogs\lobby_tap.log:2315:52 00 00 00 F7 13 16 00 00 00 10 00 00 00 26 00 00 00 2C 00 00 00 F0 0A 00 00 E7 00 00 00 00 00 00 00 00 00 A0 0E 2C 00 FE 90 41 04 03 00 00 80 0C 00 04 D1 39 43 DF 87 96 45 00 00 D1 44 77 28 3C 00 A3 C2 42 43 A8 F5 96 45 00 E0 D0 44 00 00 00 00
> D:\packetlogs\lobby_tap.log:2317:[773] [W->A] 2026-09-13T02:51:36.561Z len=55
  D:\packetlogs\lobby_tap.log:2318:37 00 00 00 F7 13 16 00 00 00 10 00 00 00 26 00 00 00 11 00 00 00 F0 0A 00 00 E7 00 00 00 00 00 00 00 00 00 A8 0E 11 00 36 80 41 04 03 00 00 80 0C 00 00 00 00 00 01
> D:\packetlogs\lobby_tap.log:2320:[774] [W->A] 2026-09-13T02:51:36.639Z len=128
  D:\packetlogs\lobby_tap.log:2321:80 00 00 00 F7 13 16 00 00 00 10 00 00 00 26 00 00 00 5A 00 00 00 F0 0A 00 00 E7 00 00 00 00 00 00 00 00 00 B0 0E 5A 00 24 D9 0E 00 FD 05 03 00 00 80 0C 00 40 00 6D 00 6F 00 6E 00 73 00 74 00 65 00 72 00 42 00 65 00 68 00 61 00 76 00 69 00 6F 00 72 00 3A 00 36 00 33 00 31 00 30 00 30 00 30 00 30 00 34 00 0B 00 74 00 61 00 72 00 67 00 65 00 74 00 4E 00 61 00 6D 00 65 00 0B 00 00 00
> D:\packetlogs\lobby_tap.log:2323:[775] [A->W] 2026-09-13T02:51:36.751Z len=56
  D:\packetlogs\lobby_tap.log:2324:38 00 00 00 49 14 12 00 00 00 01 00 00 00 00 00 00 00 3C 00 46 00 4F 00 4E 00 54 00 3E 00 21 00 74 00 65 00 73 00 74 00 3C 00 2F 00 46 00 4F 00 4E 00 54 00 3E 00 00 00




