
>   FAIL  OnLoadInventory_serves_the_kit_for_the_characters_class: the handler must serve the warrior kit, not the captured glaiver list
     expected: 13 00 00 00 90 0C 00 00 AD 0B 00 00 00 0B 00 00 00 00 00 00 00 96 19 00 00 20 00 50 00 02 00 00 00 00 00 00 00 14 00 00 00 00 00 00 00 00 00 00 00 00 00 00 00 00 00 00 00 1E 00 00 00 
00 00 00 00 00 00 64 00 00 00 00 00 00 00 00 00 00 00 00 00 00 00 00 00 00 00 00 00 00 00 00 00 00 00 00 00 00 00 00 00 00 00 00 00 00 00 00 00 00 00 00 00 00 00 00 00 00 00 00 00 00 00 00 00 00 00 
00 00 00 00 00 00 00 00 00 00 00 00 00 00 00 00 00 00 00 00 00 00 00 00 00 00 00 00 00 00 00 00 00 00 00 00 00 00 00 00 00 00 00 00 00 00 00 00 00 00 00 00 00 00 00 00 00 00 00 00 00 00 00 00 00 00 
00 00 00 00 00 00 00 00 00 00 00 00 00 00 00 00 00 00 00 00 00 00 00 00 00 00 00 00 00 00 00 00 00 00 00 00 00 00 00 00 00 00 00 00 00 00 00 00 00 00 00 00 00 00 00 00 00 00 00 00 00 00 00 00 00 00 
00 00 00 00 00 00 00 00 00 00 00 00 00 00 00 00 00 00 00 00 00 00 00 00 00 00 00 00 00 00 B2 07 01 00 01 00 00 00 00 00 00 00 00 00 00 00 B2 07 01 00 01 00 00 00 00 00 00 00 00 00 00 00 00 00 00 00 
00 00 40 00 00 00 00 00 00 00 00 00 65 00 6E 00 00 00 00 00 00 00 00 00 00 00 41 00 6D 00 6F 00 00 00 00 00 00 00 00 00 00 00 00 00 00 00 00 00 00 00 00 00 00 00 00 00 00 00 00 00 00 00 00 00 00 00 
00 00 00 00 20 00 40 00 6C 00 61 00 73 00 74 00 55 00 70 00 64 00 61 00 74 00 65 00 50 00 6C 00 61 00 6E 00 65 00 74 00 49 00 64 00 20 00 69 00 6E 00 74 00 00 00 09 00 64 00 65 00 63 00 6C 00 61 00 
72 00 65 00 00 00 00 00 00 00 00 00 00 00 00 00 00 00 70 00 B2 07 01 00 01 00 00 00 00 00 00 00 00 00 00 00 00 00 6D 00 00 00 80 3F 00 00 00 00 00 00 00 00 00 00 00 00 00 00 00 00 00 00 00 00 00 00 
00 00 00 00 00 00 00 00 00 00 00 00 00 00 00 00 00 00 00 00 65 00 6E 00 74 00 0C 00 00 00 00 00 00 00 A0 19 00 00 6F 00 75 00 02 00 00 00 00 00 00 00 14 00 00 00 00 00 00 00 00 00 00 00 01 00 00 00 
00 00 00 00 1E 00 00 00 00 00 00 00 00 00 64 00 00 00 00 00 00 00 00 00 00 00 00 00 00 00 00 00 00 00 00 00 00 00 00 00 00 00 00 00 00 00 00 00 00 00 00 00 00 00 00 00 00 00 00 00 00 00 00 00 00 00 
00 00 00 00 00 00 00 00 00 00 00 00 00 00 00 00 00 00 00 00 00 00 00 00 00 00 00 00 00 00 00 00 00 00 00 00 00 00 00 00 00 00 00 00 00 00 00 00 00 00 00 00 00 00 00 00 00 00 00 00 00 00 00 00 00 00 
00 00 00 00 00 00 00 00 00 00 00 00 00 00 00 00 00 00 00 00 00 00 00 00 00 00 00 00 00 00 00 00 00 00 00 00 00 00 00 00 00 00 00 00 00 00 00 00 00 00 00 00 00 00 00 00 00 00 00 00 00 00 00 00 00 00 
00 00 00 00 00 00 00 00 00 00 00 00 00 00 00 00 00 00 00 00 00 00 00 00 00 00 00 00 00 00 00 00 00 00 00 00 00 00 B2 07 01 00 01 00 00 00 00 00 00 00 00 00 00 00 B2 07 01 00 01 00 00 00 00 00 00 00 
00 00 00 00 00 00 00 00 00 00 70 00 00 00 00 00 00 00 00 00 55 00 54 00 00 00 00 00 00 00 00 00 00 00 20 00 00 00 09 00 00 00 00 00 00 00 00 00 00 00 00 00 00 00 00 00 00 00 00 00 00 00 00 00 00 00 
00 00 00 00 00 00 00 00 00 00 00 00 6F 00 6C 00 6F 00 63 00 6B 00 29 00 20 00 77 00 68 00 65 00 72 00 65 00 20 00 6F 00 77 00 6E 00 65 00 72 00 41 00 63 00 63 00 6F 00 75 00 6E 00 74 00 44 00 62 00 
49 00 64 00 20 00 3D 00 20 00 40 00 00 00 00 00 00 00 00 00 00 00 00 00 00 00 63 00 B2 07 01 00 01 00 00 00 00 00 00 00 00 00 00 00 00 00 00 00 00 00 80 3F 00 00 00 00 00 00 00 00 00 00 00 00 00 00 
00 00 00 00 00 00 00 00 00 00 00 00 00 00 00 00 00 00 00 00 00 00 00 00 00 00 00 00 00 00 09 00 62 00 07 00 00 00 00 00 00 00 11 27 00 00 09 00 2D 00 02 00 00 00 00 00 00 00 01 00 00 00 0E 00 00 00 
00 00 00 00 01 00 00 00 00 00 00 00 1E 00 00 00 00 00 00 00 00 00 20 00 00 00 00 00 00 00 00 00 00 00 00 00 00 00 00 00 00 00 00 00 00 00 00 00 00 00 00 00 00 00 00 00 00 00 00 00 00 00 00 00 00 00 
00 00 00 00 00 00 00 00 00 00 00 00 00 00 00 00 00 00 00 00 00 00 00 00 00 00 00 00 00 00 00 00 00 00 00 00 00 00 00 00 00 00 00 00 00 00 00 00 00 00 00 00 00 00 00 00 00 00 00 00 00 00 00 00 00 00 
00 00 00 00 00 00 00 00 00 00 00 00 00 00 00 00 00 00 00 00 00 00 00 00 00 00 00 00 00 00 00 00 00 00 00 00 00 00 00 00 00 00 00 00 00 00 00 00 00 00 00 00 00 00 00 00 00 00 00 00 00 00 00 00 00 00 
00 00 00 00 00 00 00 00 00 00 00 00 00 00 00 00 00 00 00 00 00 00 00 00 00 00 00 00 00 00 00 00 00 00 00 00 00 00 00 00 00 00 00 00 00 00 B2 07 01 00 01 00 00 00 00 00 00 00 00 00 00 00 B2 07 01 00 
01 00 00 00 00 00 00 00 00 00 00 00 00 00 00 00 00 00 2D 00 00 00 00 00 00 00 00 00 28 C6 70 AC 00 00 00 00 00 00 00 00 00 00 91 C7 C5 C5 20 00 00 00 00 00 00 00 00 00 00 00 00 00 00 00 00 00 00 00 
00 00 00 00 00 00 00 00 00 00 00 00 00 00 00 00 00 00 00 00 20 00 28 00 20 00 40 00 61 00 63 00 63 00 65 00 73 00 73 00 50 00 6C 00 61 00 6E 00 65 00 74 00 49 00 64 00 20 00 3C 00 3E 00 20 00 2D 00 
31 00 20 00 61 00 6E 00 64 00 20 00 20 00 40 00 61 00 63 00 00 00 00 00 00 00 00 00 00 00 00 00 00 00 6E 00 B2 07 01 00 01 00 00 00 00 00 00 00 00 00 00 00 00 00 6C 00 00 00 80 3F 00 00 00 00 00 00 
00 00 00 00 00 00 00 00 00 00 00 00 00 00 00 00 00 00 00 00 00 00 00 00 00 00 00 00 00 00 00 00 00 00 00 00 41 00 54 00 45 00 08 00 00 00 00 00 00 00 9C 3A 00 00 63 00 6F 00 02 00 00 00 00 00 00 00 
01 00 00 00 0E 00 00 00 00 00 00 00 03 00 00 00 00 00 00 00 1E 00 00 00 00 00 00 00 00 00 55 00 00 00 00 00 00 00 00 00 00 00 00 00 00 00 00 00 00 00 00 00 00 00 00 00 00 00 00 00 00 00 00 00 00 00 
00 00 00 00 00 00 00 00 00 00 00 00 00 00 00 00 00 00 00 00 00 00 00 00 00 00 00 00 00 00 00 00 00 00 00 00 00 00 00 00 00 00 00 00 00 00 00 00 00 00 00 00 00 00 00 00 00 00 00 00 00 00 00 00 00 00 
00 00 00 00 00 00 00 00 00 00 00 00 00 00 00 00 00 00 00 00 00 00 00 00 00 00 00 00 00 00 00 00 00 00 00 00 00 00 00 00 00 00 00 00 00 00 00 00 00 00 00 00 00 00 00 00 00 00 00 00 00 00 00 00 00 00 
00 00 00 00 00 00 00 00 00 00 00 00 00 00 00 00 00 00 00 00 00 00 00 00 00 00 00 00 00 00 00 00 00 00 00 00 00 00 00 00 00 00 00 00 00 00 00 00 00 00 00 00 00 00 B2 07 01 00 01 00 00 00 00 00 00 00 
00 00 00 00 B2 07 01 00 01 00 00 00 00 00 00 00 00 00 00 00 00 00 00 00 00 00 65 00 00 00 00 00 00 00 00 00 09 00 09 00 00 00 00 00 00 00 00 00 00 00 74 00 41 00 6D 00 00 00 00 00 00 00 00 00 00 00 
00 00 00 00 00 00 00 00 00 00 00 00 00 00 00 00 00 00 00 00 00 00 00 00 00 00 00 00 41 00 6D 00 6F 00 75 00 6E 00 74 00 20 00 2B 00 20 00 40 00 61 00 64 00 64 00 54 00 43 00 61 00 74 00 41 00 6D 00 
6F 00 75 00 6E 00 74 00 20 00 2C 00 20 00 00 00 09 00 09 00 09 00 09 00 6C 00 61 00 00 00 00 00 00 00 00 00 00 00 00 00 00 00 65 00 B2 07 01 00 01 00 00 00 00 00 00 00 00 00 00 00 00 00 3D 00 00 00 
80 3F 00 00 00 00 00 00 00 00 00 00 00 00 00 00 00 00 00 00 00 00 00 00 00 00 00 00 00 00 00 00 00 00 00 00 00 00 00 00 00 00 00 00 61 00 73 00 74 00 09 00 00 00 00 00 00 00 9D 3A 00 00 55 00 54 00 
02 00 00 00 00 00 00 00 01 00 00 00 0E 00 00 00 00 00 00 00 04 00 00 00 00 00 00 00 1E 00 00 00 00 00 00 00 00 00 28 00 00 00 00 00 00 00 00 00 00 00 00 00 00 00 00 00 00 00 00 00 00 00 00 00 00 00 
00 00 00 00 00 00 00 00 00 00 00 00 00 00 00 00 00 00 00 00 00 00 00 00 00 00 00 00 00 00 00 00 00 00 00 00 00 00 00 00 00 00 00 00 00 00 00 00 00 00 00 00 00 00 00 00 00 00 00 00 00 00 00 00 00 00 
00 00 00 00 00 00 00 00 00 00 00 00 00 00 00 00 00 00 00 00 00 00 00 00 00 00 00 00 00 00 00 00 00 00 00 00 00 00 00 00 00 00 00 00 00 00 00 00 00 00 00 00 00 00 00 00 00 00 00 00 00 00 00 00 00 00 
00 00 00 00 00 00 00 00 00 00 00 00 00 00 00 00 00 00 00 00 00 00 00 00 00 00 00 00 00 00 00 00 00 00 00 00 00 00 00 00 00 00 00 00 00 00 00 00 00 00 00 00 00 00 00 00 00 00 00 00 00 00 B2 07 01 00 
01 00 00 00 00 00 00 00 00 00 00 00 B2 07 01 00 01 00 00 00 00 00 00 00 00 00 00 00 00 00 00 00 00 00 20 00 00 00 00 00 00 00 00 00 54 00 43 00 00 00 00 00 00 00 00 00 00 00 75 00 6E 00 74 00 00 00 
00 00 00 00 00 00 00 00 00 00 00 00 00 00 00 00 00 00 00 00 00 00 00 00 00 00 00 00 00 00 00 00 00 00 00 00 62 00 65 00 67 00 69 00 6E 00 00 00 09 00 09 00 69 00 6E 00 73 00 65 00 72 00 74 00 20 00 
69 00 6E 00 74 00 6F 00 20 00 53 00 68 00 61 00 72 00 65 00 64 00 54 00 43 00 61 00 74 00 20 00 28 00 6F 00 00 00 00 00 00 00 00 00 00 00 00 00 00 00 6F 00 B2 07 01 00 01 00 00 00 00 00 00 00 00 00 
00 00 00 00 20 00 00 00 80 3F 00 00 00 00 00 00 00 00 00 00 00 00 00 00 00 00 00 00 00 00 00 00 00 00 00 00 00 00 00 00 00 00 00 00 00 00 00 00 00 00 00 00 50 00 6C 00 61 00 0A 00 00 00 00 00 00 00 
9E 3A 00 00 20 00 6C 00 02 00 00 00 00 00 00 00 01 00 00 00 0E 00 00 00 00 00 00 00 05 00 00 00 00 00 00 00 1E 00 00 00 00 00 00 00 00 00 09 00 00 00 00 00 00 00 00 00 00 00 00 00 00 00 00 00 00 00 
00 00 00 00 00 00 00 00 00 00 00 00 00 00 00 00 00 00 00 00 00 00 00 00 00 00 00 00 00 00 00 00 00 00 00 00 00 00 00 00 00 00 00 00 00 00 00 00 00 00 00 00 00 00 00 00 00 00 00 00 00 00 00 00 00 00 
00 00 00 00 00 00 00 00 00 00 00 00 00 00 00 00 00 00 00 00 00 00 00 00 00 00 00 00 00 00 00 00 00 00 00 00 00 00 00 00 00 00 00 00 00 00 00 00 00 00 00 00 00 00 00 00 00 00 00 00 00 00 00 00 00 00 
00 00 00 00 00 00 00 00 00 00 00 00 00 00 00 00 00 00 00 00 00 00 00 00 00 00 00 00 00 00 00 00 00 00 00 00 00 00 00 00 00 00 00 00 00 00 00 00 00 00 00 00 00 00 00 00 00 00 00 00 00 00 00 00 00 00 
00 00 00 00 B2 07 01 00 01 00 00 00 00 00 00 00 00 00 00 00 B2 07 01 00 01 00 00 00 00 00 00 00 00 00 00 00 00 00 00 00 00 00 65 00 00 00 00 00 00 00 00 00 2C 00 20 00 00 00 00 00 00 00 00 00 00 00 
43 00 61 00 74 00 00 00 00 00 00 00 00 00 00 00 00 00 00 00 00 00 00 00 00 00 00 00 00 00 00 00 00 00 00 00 00 00 00 00 00 00 00 00 4E 00 44 00 00 00 65 00 6C 00 49 00 64 00 2C 00 69 00 73 00 53 00 
65 00 6E 00 64 00 65 00 72 00 2C 00 6F 00 77 00 6E 00 65 00 72 00 44 00 42 00 49 00 44 00 29 00 20 00 56 00 41 00 4C 00 55 00 45 00 00 00 00 00 00 00 00 00 00 00 00 00 00 00 63 00 B2 07 01 00 01 00 
00 00 00 00 00 00 00 00 00 00 00 00 65 00 00 00 80 3F 00 00 00 00 00 00 00 00 00 00 00 00 00 00 00 00 00 00 00 00 00 00 00 00 00 00 00 00 00 00 00 00 00 00 00 00 00 00 00 00 00 00 64 00 20 00 45 00
     actual:   13 00 00 00 90 0C 00 00 AD 0B 00 00 00 E8 03 00 00 00 00 00 00 96 19 00 00 20 00 50 00 02 00 00 00 00 00 00 00 14 00 00 00 00 00 00 00 00 00 00 00 00 00 00 00 00 00 00 00 1E 00 00 00 
00 00 00 00 00 00 64 00 00 00 00 00 00 00 00 00 00 00 00 00 00 00 00 00 00 00 00 00 00 00 00 00 00 00 00 00 00 00 00 00 00 00 00 00 00 00 00 00 00 00 00 00 00 00 00 00 00 00 00 00 00 00 00 00 00 00 
00 00 00 00 00 00 00 00 00 00 00 00 00 00 00 00 00 00 00 00 00 00 00 00 00 00 00 00 00 00 00 00 00 00 00 00 00 00 00 00 00 00 00 00 00 00 00 00 00 00 00 00 00 00 00 00 00 00 00 00 00 00 00 00 00 00 
00 00 00 00 00 00 00 00 00 00 00 00 00 00 00 00 00 00 00 00 00 00 00 00 00 00 00 00 00 00 00 00 00 00 00 00 00 00 00 00 00 00 00 00 00 00 00 00 00 00 00 00 00 00 00 00 00 00 00 00 00 00 00 00 00 00 
00 00 00 00 00 00 00 00 00 00 00 00 00 00 00 00 00 00 00 00 00 00 00 00 00 00 00 00 00 00 B2 07 01 00 01 00 00 00 00 00 00 00 00 00 00 00 B2 07 01 00 01 00 00 00 00 00 00 00 00 00 00 00 00 00 00 00 
00 00 40 00 00 00 00 00 00 00 00 00 65 00 6E 00 00 00 00 00 00 00 00 00 00 00 41 00 6D 00 6F 00 00 00 00 00 00 00 00 00 00 00 00 00 00 00 00 00 00 00 00 00 00 00 00 00 00 00 00 00 00 00 00 00 00 00 
00 00 00 00 20 00 40 00 6C 00 61 00 73 00 74 00 55 00 70 00 64 00 61 00 74 00 65 00 50 00 6C 00 61 00 6E 00 65 00 74 00 49 00 64 00 20 00 69 00 6E 00 74 00 00 00 09 00 64 00 65 00 63 00 6C 00 61 00 
72 00 65 00 00 00 00 00 00 00 00 00 00 00 00 00 00 00 70 00 B2 07 01 00 01 00 00 00 00 00 00 00 00 00 00 00 00 00 6D 00 00 00 80 3F 00 00 00 00 00 00 00 00 00 00 00 00 00 00 00 00 00 00 00 00 00 00 
00 00 00 00 00 00 00 00 00 00 00 00 00 00 00 00 00 00 00 00 65 00 6E 00 74 00 E9 03 00 00 00 00 00 00 A0 19 00 00 6F 00 75 00 02 00 00 00 00 00 00 00 14 00 00 00 00 00 00 00 00 00 00 00 01 00 00 00 
00 00 00 00 1E 00 00 00 00 00 00 00 00 00 64 00 00 00 00 00 00 00 00 00 00 00 00 00 00 00 00 00 00 00 00 00 00 00 00 00 00 00 00 00 00 00 00 00 00 00 00 00 00 00 00 00 00 00 00 00 00 00 00 00 00 00 
00 00 00 00 00 00 00 00 00 00 00 00 00 00 00 00 00 00 00 00 00 00 00 00 00 00 00 00 00 00 00 00 00 00 00 00 00 00 00 00 00 00 00 00 00 00 00 00 00 00 00 00 00 00 00 00 00 00 00 00 00 00 00 00 00 00 
00 00 00 00 00 00 00 00 00 00 00 00 00 00 00 00 00 00 00 00 00 00 00 00 00 00 00 00 00 00 00 00 00 00 00 00 00 00 00 00 00 00 00 00 00 00 00 00 00 00 00 00 00 00 00 00 00 00 00 00 00 00 00 00 00 00 
00 00 00 00 00 00 00 00 00 00 00 00 00 00 00 00 00 00 00 00 00 00 00 00 00 00 00 00 00 00 00 00 00 00 00 00 00 00 B2 07 01 00 01 00 00 00 00 00 00 00 00 00 00 00 B2 07 01 00 01 00 00 00 00 00 00 00 
00 00 00 00 00 00 00 00 00 00 70 00 00 00 00 00 00 00 00 00 55 00 54 00 00 00 00 00 00 00 00 00 00 00 20 00 00 00 09 00 00 00 00 00 00 00 00 00 00 00 00 00 00 00 00 00 00 00 00 00 00 00 00 00 00 00 
00 00 00 00 00 00 00 00 00 00 00 00 6F 00 6C 00 6F 00 63 00 6B 00 29 00 20 00 77 00 68 00 65 00 72 00 65 00 20 00 6F 00 77 00 6E 00 65 00 72 00 41 00 63 00 63 00 6F 00 75 00 6E 00 74 00 44 00 62 00 
49 00 64 00 20 00 3D 00 20 00 40 00 00 00 00 00 00 00 00 00 00 00 00 00 00 00 63 00 B2 07 01 00 01 00 00 00 00 00 00 00 00 00 00 00 00 00 00 00 00 00 80 3F 00 00 00 00 00 00 00 00 00 00 00 00 00 00 
00 00 00 00 00 00 00 00 00 00 00 00 00 00 00 00 00 00 00 00 00 00 00 00 00 00 00 00 00 00 09 00 62 00 EA 03 00 00 00 00 00 00 11 27 00 00 09 00 2D 00 02 00 00 00 00 00 00 00 01 00 00 00 0E 00 00 00 
00 00 00 00 01 00 00 00 00 00 00 00 1E 00 00 00 00 00 00 00 00 00 20 00 00 00 00 00 00 00 00 00 00 00 00 00 00 00 00 00 00 00 00 00 00 00 00 00 00 00 00 00 00 00 00 00 00 00 00 00 00 00 00 00 00 00 
00 00 00 00 00 00 00 00 00 00 00 00 00 00 00 00 00 00 00 00 00 00 00 00 00 00 00 00 00 00 00 00 00 00 00 00 00 00 00 00 00 00 00 00 00 00 00 00 00 00 00 00 00 00 00 00 00 00 00 00 00 00 00 00 00 00 
00 00 00 00 00 00 00 00 00 00 00 00 00 00 00 00 00 00 00 00 00 00 00 00 00 00 00 00 00 00 00 00 00 00 00 00 00 00 00 00 00 00 00 00 00 00 00 00 00 00 00 00 00 00 00 00 00 00 00 00 00 00 00 00 00 00 
00 00 00 00 00 00 00 00 00 00 00 00 00 00 00 00 00 00 00 00 00 00 00 00 00 00 00 00 00 00 00 00 00 00 00 00 00 00 00 00 00 00 00 00 00 00 B2 07 01 00 01 00 00 00 00 00 00 00 00 00 00 00 B2 07 01 00 
01 00 00 00 00 00 00 00 00 00 00 00 00 00 00 00 00 00 2D 00 00 00 00 00 00 00 00 00 28 C6 70 AC 00 00 00 00 00 00 00 00 00 00 91 C7 C5 C5 20 00 00 00 00 00 00 00 00 00 00 00 00 00 00 00 00 00 00 00 
00 00 00 00 00 00 00 00 00 00 00 00 00 00 00 00 00 00 00 00 20 00 28 00 20 00 40 00 61 00 63 00 63 00 65 00 73 00 73 00 50 00 6C 00 61 00 6E 00 65 00 74 00 49 00 64 00 20 00 3C 00 3E 00 20 00 2D 00 
31 00 20 00 61 00 6E 00 64 00 20 00 20 00 40 00 61 00 63 00 00 00 00 00 00 00 00 00 00 00 00 00 00 00 6E 00 B2 07 01 00 01 00 00 00 00 00 00 00 00 00 00 00 00 00 6C 00 00 00 80 3F 00 00 00 00 00 00 
00 00 00 00 00 00 00 00 00 00 00 00 00 00 00 00 00 00 00 00 00 00 00 00 00 00 00 00 00 00 00 00 00 00 00 00 41 00 54 00 45 00 EB 03 00 00 00 00 00 00 9C 3A 00 00 63 00 6F 00 02 00 00 00 00 00 00 00 
01 00 00 00 0E 00 00 00 00 00 00 00 03 00 00 00 00 00 00 00 1E 00 00 00 00 00 00 00 00 00 55 00 00 00 00 00 00 00 00 00 00 00 00 00 00 00 00 00 00 00 00 00 00 00 00 00 00 00 00 00 00 00 00 00 00 00 
00 00 00 00 00 00 00 00 00 00 00 00 00 00 00 00 00 00 00 00 00 00 00 00 00 00 00 00 00 00 00 00 00 00 00 00 00 00 00 00 00 00 00 00 00 00 00 00 00 00 00 00 00 00 00 00 00 00 00 00 00 00 00 00 00 00 
00 00 00 00 00 00 00 00 00 00 00 00 00 00 00 00 00 00 00 00 00 00 00 00 00 00 00 00 00 00 00 00 00 00 00 00 00 00 00 00 00 00 00 00 00 00 00 00 00 00 00 00 00 00 00 00 00 00 00 00 00 00 00 00 00 00 
00 00 00 00 00 00 00 00 00 00 00 00 00 00 00 00 00 00 00 00 00 00 00 00 00 00 00 00 00 00 00 00 00 00 00 00 00 00 00 00 00 00 00 00 00 00 00 00 00 00 00 00 00 00 B2 07 01 00 01 00 00 00 00 00 00 00 
00 00 00 00 B2 07 01 00 01 00 00 00 00 00 00 00 00 00 00 00 00 00 00 00 00 00 65 00 00 00 00 00 00 00 00 00 09 00 09 00 00 00 00 00 00 00 00 00 00 00 74 00 41 00 6D 00 00 00 00 00 00 00 00 00 00 00 
00 00 00 00 00 00 00 00 00 00 00 00 00 00 00 00 00 00 00 00 00 00 00 00 00 00 00 00 41 00 6D 00 6F 00 75 00 6E 00 74 00 20 00 2B 00 20 00 40 00 61 00 64 00 64 00 54 00 43 00 61 00 74 00 41 00 6D 00 
6F 00 75 00 6E 00 74 00 20 00 2C 00 20 00 00 00 09 00 09 00 09 00 09 00 6C 00 61 00 00 00 00 00 00 00 00 00 00 00 00 00 00 00 65 00 B2 07 01 00 01 00 00 00 00 00 00 00 00 00 00 00 00 00 3D 00 00 00 
80 3F 00 00 00 00 00 00 00 00 00 00 00 00 00 00 00 00 00 00 00 00 00 00 00 00 00 00 00 00 00 00 00 00 00 00 00 00 00 00 00 00 00 00 61 00 73 00 74 00 EC 03 00 00 00 00 00 00 9D 3A 00 00 55 00 54 00 
02 00 00 00 00 00 00 00 01 00 00 00 0E 00 00 00 00 00 00 00 04 00 00 00 00 00 00 00 1E 00 00 00 00 00 00 00 00 00 28 00 00 00 00 00 00 00 00 00 00 00 00 00 00 00 00 00 00 00 00 00 00 00 00 00 00 00 
00 00 00 00 00 00 00 00 00 00 00 00 00 00 00 00 00 00 00 00 00 00 00 00 00 00 00 00 00 00 00 00 00 00 00 00 00 00 00 00 00 00 00 00 00 00 00 00 00 00 00 00 00 00 00 00 00 00 00 00 00 00 00 00 00 00 
00 00 00 00 00 00 00 00 00 00 00 00 00 00 00 00 00 00 00 00 00 00 00 00 00 00 00 00 00 00 00 00 00 00 00 00 00 00 00 00 00 00 00 00 00 00 00 00 00 00 00 00 00 00 00 00 00 00 00 00 00 00 00 00 00 00 
00 00 00 00 00 00 00 00 00 00 00 00 00 00 00 00 00 00 00 00 00 00 00 00 00 00 00 00 00 00 00 00 00 00 00 00 00 00 00 00 00 00 00 00 00 00 00 00 00 00 00 00 00 00 00 00 00 00 00 00 00 00 B2 07 01 00 
01 00 00 00 00 00 00 00 00 00 00 00 B2 07 01 00 01 00 00 00 00 00 00 00 00 00 00 00 00 00 00 00 00 00 20 00 00 00 00 00 00 00 00 00 54 00 43 00 00 00 00 00 00 00 00 00 00 00 75 00 6E 00 74 00 00 00 
00 00 00 00 00 00 00 00 00 00 00 00 00 00 00 00 00 00 00 00 00 00 00 00 00 00 00 00 00 00 00 00 00 00 00 00 62 00 65 00 67 00 69 00 6E 00 00 00 09 00 09 00 69 00 6E 00 73 00 65 00 72 00 74 00 20 00 
69 00 6E 00 74 00 6F 00 20 00 53 00 68 00 61 00 72 00 65 00 64 00 54 00 43 00 61 00 74 00 20 00 28 00 6F 00 00 00 00 00 00 00 00 00 00 00 00 00 00 00 6F 00 B2 07 01 00 01 00 00 00 00 00 00 00 00 00 
00 00 00 00 20 00 00 00 80 3F 00 00 00 00 00 00 00 00 00 00 00 00 00 00 00 00 00 00 00 00 00 00 00 00 00 00 00 00 00 00 00 00 00 00 00 00 00 00 00 00 00 00 50 00 6C 00 61 00 ED 03 00 00 00 00 00 00 
9E 3A 00 00 20 00 6C 00 02 00 00 00 00 00 00 00 01 00 00 00 0E 00 00 00 00 00 00 00 05 00 00 00 00 00 00 00 1E 00 00 00 00 00 00 00 00 00 09 00 00 00 00 00 00 00 00 00 00 00 00 00 00 00 00 00 00 00 
00 00 00 00 00 00 00 00 00 00 00 00 00 00 00 00 00 00 00 00 00 00 00 00 00 00 00 00 00 00 00 00 00 00 00 00 00 00 00 00 00 00 00 00 00 00 00 00 00 00 00 00 00 00 00 00 00 00 00 00 00 00 00 00 00 00 
00 00 00 00 00 00 00 00 00 00 00 00 00 00 00 00 00 00 00 00 00 00 00 00 00 00 00 00 00 00 00 00 00 00 00 00 00 00 00 00 00 00 00 00 00 00 00 00 00 00 00 00 00 00 00 00 00 00 00 00 00 00 00 00 00 00 
00 00 00 00 00 00 00 00 00 00 00 00 00 00 00 00 00 00 00 00 00 00 00 00 00 00 00 00 00 00 00 00 00 00 00 00 00 00 00 00 00 00 00 00 00 00 00 00 00 00 00 00 00 00 00 00 00 00 00 00 00 00 00 00 00 00 
00 00 00 00 B2 07 01 00 01 00 00 00 00 00 00 00 00 00 00 00 B2 07 01 00 01 00 00 00 00 00 00 00 00 00 00 00 00 00 00 00 00 00 65 00 00 00 00 00 00 00 00 00 2C 00 20 00 00 00 00 00 00 00 00 00 00 00 
43 00 61 00 74 00 00 00 00 00 00 00 00 00 00 00 00 00 00 00 00 00 00 00 00 00 00 00 00 00 00 00 00 00 00 00 00 00 00 00 00 00 00 00 4E 00 44 00 00 00 65 00 6C 00 49 00 64 00 2C 00 69 00 73 00 53 00 
65 00 6E 00 64 00 65 00 72 00 2C 00 6F 00 77 00 6E 00 65 00 72 00 44 00 42 00 49 00 44 00 29 00 20 00 56 00 41 00 4C 00 55 00 45 00 00 00 00 00 00 00 00 00 00 00 00 00 00 00 63 00 B2 07 01 00 01 00 
00 00 00 00 00 00 00 00 00 00 00 00 65 00 00 00 80 3F 00 00 00 00 00 00 00 00 00 00 00 00 00 00 00 00 00 00 00 00 00 00 00 00 00 00 00 00 00 00 00 00 00 00 00 00 00 00 00 00 00 00 64 00 20 00 45 00
    PASS  QuestList_empty_matches_the_capture
    PASS  QuestList_header_is_53_bytes_with_six_slots
    PASS  QuestList_rejects_a_wrong_sized_record
    PASS  SetQuestInfo_rebuilds_the_captured_replies
>   FAIL  T44_seeded_inventory_rebuilds_byte_identical: first login: seeded from the kit and rebuilt from the rows
     expected: 13 00 00 00 90 0C 00 00 02 00 00 00 00 0B 00 00 00 00 00 00 00 96 19 00 00 20 00 50 00 02 00 00 00 00 00 00 00 14 00 00 00 00 00 00 00 00 00 00 00 00 00 00 00 00 00 00 00 1E 00 00 00 
00 00 00 00 00 00 64 00 00 00 00 00 00 00 00 00 00 00 00 00 00 00 00 00 00 00 00 00 00 00 00 00 00 00 00 00 00 00 00 00 00 00 00 00 00 00 00 00 00 00 00 00 00 00 00 00 00 00 00 00 00 00 00 00 00 00 
00 00 00 00 00 00 00 00 00 00 00 00 00 00 00 00 00 00 00 00 00 00 00 00 00 00 00 00 00 00 00 00 00 00 00 00 00 00 00 00 00 00 00 00 00 00 00 00 00 00 00 00 00 00 00 00 00 00 00 00 00 00 00 00 00 00 
00 00 00 00 00 00 00 00 00 00 00 00 00 00 00 00 00 00 00 00 00 00 00 00 00 00 00 00 00 00 00 00 00 00 00 00 00 00 00 00 00 00 00 00 00 00 00 00 00 00 00 00 00 00 00 00 00 00 00 00 00 00 00 00 00 00 
00 00 00 00 00 00 00 00 00 00 00 00 00 00 00 00 00 00 00 00 00 00 00 00 00 00 00 00 00 00 B2 07 01 00 01 00 00 00 00 00 00 00 00 00 00 00 B2 07 01 00 01 00 00 00 00 00 00 00 00 00 00 00 00 00 00 00 
00 00 40 00 00 00 00 00 00 00 00 00 65 00 6E 00 00 00 00 00 00 00 00 00 00 00 41 00 6D 00 6F 00 00 00 00 00 00 00 00 00 00 00 00 00 00 00 00 00 00 00 00 00 00 00 00 00 00 00 00 00 00 00 00 00 00 00 
00 00 00 00 20 00 40 00 6C 00 61 00 73 00 74 00 55 00 70 00 64 00 61 00 74 00 65 00 50 00 6C 00 61 00 6E 00 65 00 74 00 49 00 64 00 20 00 69 00 6E 00 74 00 00 00 09 00 64 00 65 00 63 00 6C 00 61 00 
72 00 65 00 00 00 00 00 00 00 00 00 00 00 00 00 00 00 70 00 B2 07 01 00 01 00 00 00 00 00 00 00 00 00 00 00 00 00 6D 00 00 00 80 3F 00 00 00 00 00 00 00 00 00 00 00 00 00 00 00 00 00 00 00 00 00 00 
00 00 00 00 00 00 00 00 00 00 00 00 00 00 00 00 00 00 00 00 65 00 6E 00 74 00 0C 00 00 00 00 00 00 00 A0 19 00 00 6F 00 75 00 02 00 00 00 00 00 00 00 14 00 00 00 00 00 00 00 00 00 00 00 01 00 00 00 
00 00 00 00 1E 00 00 00 00 00 00 00 00 00 64 00 00 00 00 00 00 00 00 00 00 00 00 00 00 00 00 00 00 00 00 00 00 00 00 00 00 00 00 00 00 00 00 00 00 00 00 00 00 00 00 00 00 00 00 00 00 00 00 00 00 00 
00 00 00 00 00 00 00 00 00 00 00 00 00 00 00 00 00 00 00 00 00 00 00 00 00 00 00 00 00 00 00 00 00 00 00 00 00 00 00 00 00 00 00 00 00 00 00 00 00 00 00 00 00 00 00 00 00 00 00 00 00 00 00 00 00 00 
00 00 00 00 00 00 00 00 00 00 00 00 00 00 00 00 00 00 00 00 00 00 00 00 00 00 00 00 00 00 00 00 00 00 00 00 00 00 00 00 00 00 00 00 00 00 00 00 00 00 00 00 00 00 00 00 00 00 00 00 00 00 00 00 00 00 
00 00 00 00 00 00 00 00 00 00 00 00 00 00 00 00 00 00 00 00 00 00 00 00 00 00 00 00 00 00 00 00 00 00 00 00 00 00 B2 07 01 00 01 00 00 00 00 00 00 00 00 00 00 00 B2 07 01 00 01 00 00 00 00 00 00 00 
00 00 00 00 00 00 00 00 00 00 70 00 00 00 00 00 00 00 00 00 55 00 54 00 00 00 00 00 00 00 00 00 00 00 20 00 00 00 09 00 00 00 00 00 00 00 00 00 00 00 00 00 00 00 00 00 00 00 00 00 00 00 00 00 00 00 
00 00 00 00 00 00 00 00 00 00 00 00 6F 00 6C 00 6F 00 63 00 6B 00 29 00 20 00 77 00 68 00 65 00 72 00 65 00 20 00 6F 00 77 00 6E 00 65 00 72 00 41 00 63 00 63 00 6F 00 75 00 6E 00 74 00 44 00 62 00 
49 00 64 00 20 00 3D 00 20 00 40 00 00 00 00 00 00 00 00 00 00 00 00 00 00 00 63 00 B2 07 01 00 01 00 00 00 00 00 00 00 00 00 00 00 00 00 00 00 00 00 80 3F 00 00 00 00 00 00 00 00 00 00 00 00 00 00 
00 00 00 00 00 00 00 00 00 00 00 00 00 00 00 00 00 00 00 00 00 00 00 00 00 00 00 00 00 00 09 00 62 00 07 00 00 00 00 00 00 00 AD E6 00 00 09 00 2D 00 02 00 00 00 00 00 00 00 01 00 00 00 0E 00 00 00 
00 00 00 00 01 00 00 00 00 00 00 00 1E 00 00 00 00 00 00 00 00 00 20 00 00 00 00 00 00 00 00 00 00 00 00 00 00 00 00 00 00 00 00 00 00 00 00 00 00 00 00 00 00 00 00 00 00 00 00 00 00 00 00 00 00 00 
00 00 00 00 00 00 00 00 00 00 00 00 00 00 00 00 00 00 00 00 00 00 00 00 00 00 00 00 00 00 00 00 00 00 00 00 00 00 00 00 00 00 00 00 00 00 00 00 00 00 00 00 00 00 00 00 00 00 00 00 00 00 00 00 00 00 
00 00 00 00 00 00 00 00 00 00 00 00 00 00 00 00 00 00 00 00 00 00 00 00 00 00 00 00 00 00 00 00 00 00 00 00 00 00 00 00 00 00 00 00 00 00 00 00 00 00 00 00 00 00 00 00 00 00 00 00 00 00 00 00 00 00 
00 00 00 00 00 00 00 00 00 00 00 00 00 00 00 00 00 00 00 00 00 00 00 00 00 00 00 00 00 00 00 00 00 00 00 00 00 00 00 00 00 00 00 00 00 00 B2 07 01 00 01 00 00 00 00 00 00 00 00 00 00 00 B2 07 01 00 
01 00 00 00 00 00 00 00 00 00 00 00 00 00 00 00 00 00 2D 00 00 00 00 00 00 00 00 00 28 C6 70 AC 00 00 00 00 00 00 00 00 00 00 91 C7 C5 C5 20 00 00 00 00 00 00 00 00 00 00 00 00 00 00 00 00 00 00 00 
00 00 00 00 00 00 00 00 00 00 00 00 00 00 00 00 00 00 00 00 20 00 28 00 20 00 40 00 61 00 63 00 63 00 65 00 73 00 73 00 50 00 6C 00 61 00 6E 00 65 00 74 00 49 00 64 00 20 00 3C 00 3E 00 20 00 2D 00 
31 00 20 00 61 00 6E 00 64 00 20 00 20 00 40 00 61 00 63 00 00 00 00 00 00 00 00 00 00 00 00 00 00 00 6E 00 B2 07 01 00 01 00 00 00 00 00 00 00 00 00 00 00 00 00 6C 00 00 00 80 3F 00 00 00 00 00 00 
00 00 00 00 00 00 00 00 00 00 00 00 00 00 00 00 00 00 00 00 00 00 00 00 00 00 00 00 00 00 00 00 00 00 00 00 41 00 54 00 45 00 08 00 00 00 00 00 00 00 9C 3A 00 00 63 00 6F 00 02 00 00 00 00 00 00 00 
01 00 00 00 0E 00 00 00 00 00 00 00 03 00 00 00 00 00 00 00 1E 00 00 00 00 00 00 00 00 00 55 00 00 00 00 00 00 00 00 00 00 00 00 00 00 00 00 00 00 00 00 00 00 00 00 00 00 00 00 00 00 00 00 00 00 00 
00 00 00 00 00 00 00 00 00 00 00 00 00 00 00 00 00 00 00 00 00 00 00 00 00 00 00 00 00 00 00 00 00 00 00 00 00 00 00 00 00 00 00 00 00 00 00 00 00 00 00 00 00 00 00 00 00 00 00 00 00 00 00 00 00 00 
00 00 00 00 00 00 00 00 00 00 00 00 00 00 00 00 00 00 00 00 00 00 00 00 00 00 00 00 00 00 00 00 00 00 00 00 00 00 00 00 00 00 00 00 00 00 00 00 00 00 00 00 00 00 00 00 00 00 00 00 00 00 00 00 00 00 
00 00 00 00 00 00 00 00 00 00 00 00 00 00 00 00 00 00 00 00 00 00 00 00 00 00 00 00 00 00 00 00 00 00 00 00 00 00 00 00 00 00 00 00 00 00 00 00 00 00 00 00 00 00 B2 07 01 00 01 00 00 00 00 00 00 00 
00 00 00 00 B2 07 01 00 01 00 00 00 00 00 00 00 00 00 00 00 00 00 00 00 00 00 65 00 00 00 00 00 00 00 00 00 09 00 09 00 00 00 00 00 00 00 00 00 00 00 74 00 41 00 6D 00 00 00 00 00 00 00 00 00 00 00 
00 00 00 00 00 00 00 00 00 00 00 00 00 00 00 00 00 00 00 00 00 00 00 00 00 00 00 00 41 00 6D 00 6F 00 75 00 6E 00 74 00 20 00 2B 00 20 00 40 00 61 00 64 00 64 00 54 00 43 00 61 00 74 00 41 00 6D 00 
6F 00 75 00 6E 00 74 00 20 00 2C 00 20 00 00 00 09 00 09 00 09 00 09 00 6C 00 61 00 00 00 00 00 00 00 00 00 00 00 00 00 00 00 65 00 B2 07 01 00 01 00 00 00 00 00 00 00 00 00 00 00 00 00 3D 00 00 00 
80 3F 00 00 00 00 00 00 00 00 00 00 00 00 00 00 00 00 00 00 00 00 00 00 00 00 00 00 00 00 00 00 00 00 00 00 00 00 00 00 00 00 00 00 61 00 73 00 74 00 09 00 00 00 00 00 00 00 9D 3A 00 00 55 00 54 00 
02 00 00 00 00 00 00 00 01 00 00 00 0E 00 00 00 00 00 00 00 04 00 00 00 00 00 00 00 1E 00 00 00 00 00 00 00 00 00 28 00 00 00 00 00 00 00 00 00 00 00 00 00 00 00 00 00 00 00 00 00 00 00 00 00 00 00 
00 00 00 00 00 00 00 00 00 00 00 00 00 00 00 00 00 00 00 00 00 00 00 00 00 00 00 00 00 00 00 00 00 00 00 00 00 00 00 00 00 00 00 00 00 00 00 00 00 00 00 00 00 00 00 00 00 00 00 00 00 00 00 00 00 00 
00 00 00 00 00 00 00 00 00 00 00 00 00 00 00 00 00 00 00 00 00 00 00 00 00 00 00 00 00 00 00 00 00 00 00 00 00 00 00 00 00 00 00 00 00 00 00 00 00 00 00 00 00 00 00 00 00 00 00 00 00 00 00 00 00 00 
00 00 00 00 00 00 00 00 00 00 00 00 00 00 00 00 00 00 00 00 00 00 00 00 00 00 00 00 00 00 00 00 00 00 00 00 00 00 00 00 00 00 00 00 00 00 00 00 00 00 00 00 00 00 00 00 00 00 00 00 00 00 B2 07 01 00 
01 00 00 00 00 00 00 00 00 00 00 00 B2 07 01 00 01 00 00 00 00 00 00 00 00 00 00 00 00 00 00 00 00 00 20 00 00 00 00 00 00 00 00 00 54 00 43 00 00 00 00 00 00 00 00 00 00 00 75 00 6E 00 74 00 00 00 
00 00 00 00 00 00 00 00 00 00 00 00 00 00 00 00 00 00 00 00 00 00 00 00 00 00 00 00 00 00 00 00 00 00 00 00 62 00 65 00 67 00 69 00 6E 00 00 00 09 00 09 00 69 00 6E 00 73 00 65 00 72 00 74 00 20 00 
69 00 6E 00 74 00 6F 00 20 00 53 00 68 00 61 00 72 00 65 00 64 00 54 00 43 00 61 00 74 00 20 00 28 00 6F 00 00 00 00 00 00 00 00 00 00 00 00 00 00 00 6F 00 B2 07 01 00 01 00 00 00 00 00 00 00 00 00 
00 00 00 00 20 00 00 00 80 3F 00 00 00 00 00 00 00 00 00 00 00 00 00 00 00 00 00 00 00 00 00 00 00 00 00 00 00 00 00 00 00 00 00 00 00 00 00 00 00 00 00 00 50 00 6C 00 61 00 0A 00 00 00 00 00 00 00 
9E 3A 00 00 20 00 6C 00 02 00 00 00 00 00 00 00 01 00 00 00 0E 00 00 00 00 00 00 00 05 00 00 00 00 00 00 00 1E 00 00 00 00 00 00 00 00 00 09 00 00 00 00 00 00 00 00 00 00 00 00 00 00 00 00 00 00 00 
00 00 00 00 00 00 00 00 00 00 00 00 00 00 00 00 00 00 00 00 00 00 00 00 00 00 00 00 00 00 00 00 00 00 00 00 00 00 00 00 00 00 00 00 00 00 00 00 00 00 00 00 00 00 00 00 00 00 00 00 00 00 00 00 00 00 
00 00 00 00 00 00 00 00 00 00 00 00 00 00 00 00 00 00 00 00 00 00 00 00 00 00 00 00 00 00 00 00 00 00 00 00 00 00 00 00 00 00 00 00 00 00 00 00 00 00 00 00 00 00 00 00 00 00 00 00 00 00 00 00 00 00 
00 00 00 00 00 00 00 00 00 00 00 00 00 00 00 00 00 00 00 00 00 00 00 00 00 00 00 00 00 00 00 00 00 00 00 00 00 00 00 00 00 00 00 00 00 00 00 00 00 00 00 00 00 00 00 00 00 00 00 00 00 00 00 00 00 00 
00 00 00 00 B2 07 01 00 01 00 00 00 00 00 00 00 00 00 00 00 B2 07 01 00 01 00 00 00 00 00 00 00 00 00 00 00 00 00 00 00 00 00 65 00 00 00 00 00 00 00 00 00 2C 00 20 00 00 00 00 00 00 00 00 00 00 00 
43 00 61 00 74 00 00 00 00 00 00 00 00 00 00 00 00 00 00 00 00 00 00 00 00 00 00 00 00 00 00 00 00 00 00 00 00 00 00 00 00 00 00 00 4E 00 44 00 00 00 65 00 6C 00 49 00 64 00 2C 00 69 00 73 00 53 00 
65 00 6E 00 64 00 65 00 72 00 2C 00 6F 00 77 00 6E 00 65 00 72 00 44 00 42 00 49 00 44 00 29 00 20 00 56 00 41 00 4C 00 55 00 45 00 00 00 00 00 00 00 00 00 00 00 00 00 00 00 63 00 B2 07 01 00 01 00 
00 00 00 00 00 00 00 00 00 00 00 00 65 00 00 00 80 3F 00 00 00 00 00 00 00 00 00 00 00 00 00 00 00 00 00 00 00 00 00 00 00 00 00 00 00 00 00 00 00 00 00 00 00 00 00 00 00 00 00 00 64 00 20 00 45 00
     actual:   13 00 00 00 90 0C 00 00 02 00 00 00 00 E8 03 00 00 00 00 00 00 96 19 00 00 20 00 50 00 02 00 00 00 00 00 00 00 14 00 00 00 00 00 00 00 00 00 00 00 00 00 00 00 00 00 00 00 1E 00 00 00 
00 00 00 00 00 00 64 00 00 00 00 00 00 00 00 00 00 00 00 00 00 00 00 00 00 00 00 00 00 00 00 00 00 00 00 00 00 00 00 00 00 00 00 00 00 00 00 00 00 00 00 00 00 00 00 00 00 00 00 00 00 00 00 00 00 00 
00 00 00 00 00 00 00 00 00 00 00 00 00 00 00 00 00 00 00 00 00 00 00 00 00 00 00 00 00 00 00 00 00 00 00 00 00 00 00 00 00 00 00 00 00 00 00 00 00 00 00 00 00 00 00 00 00 00 00 00 00 00 00 00 00 00 
00 00 00 00 00 00 00 00 00 00 00 00 00 00 00 00 00 00 00 00 00 00 00 00 00 00 00 00 00 00 00 00 00 00 00 00 00 00 00 00 00 00 00 00 00 00 00 00 00 00 00 00 00 00 00 00 00 00 00 00 00 00 00 00 00 00 
00 00 00 00 00 00 00 00 00 00 00 00 00 00 00 00 00 00 00 00 00 00 00 00 00 00 00 00 00 00 B2 07 01 00 01 00 00 00 00 00 00 00 00 00 00 00 B2 07 01 00 01 00 00 00 00 00 00 00 00 00 00 00 00 00 00 00 
00 00 40 00 00 00 00 00 00 00 00 00 65 00 6E 00 00 00 00 00 00 00 00 00 00 00 41 00 6D 00 6F 00 00 00 00 00 00 00 00 00 00 00 00 00 00 00 00 00 00 00 00 00 00 00 00 00 00 00 00 00 00 00 00 00 00 00 
00 00 00 00 20 00 40 00 6C 00 61 00 73 00 74 00 55 00 70 00 64 00 61 00 74 00 65 00 50 00 6C 00 61 00 6E 00 65 00 74 00 49 00 64 00 20 00 69 00 6E 00 74 00 00 00 09 00 64 00 65 00 63 00 6C 00 61 00 
72 00 65 00 00 00 00 00 00 00 00 00 00 00 00 00 00 00 70 00 B2 07 01 00 01 00 00 00 00 00 00 00 00 00 00 00 00 00 6D 00 00 00 80 3F 00 00 00 00 00 00 00 00 00 00 00 00 00 00 00 00 00 00 00 00 00 00 
00 00 00 00 00 00 00 00 00 00 00 00 00 00 00 00 00 00 00 00 65 00 6E 00 74 00 E9 03 00 00 00 00 00 00 A0 19 00 00 6F 00 75 00 02 00 00 00 00 00 00 00 14 00 00 00 00 00 00 00 00 00 00 00 01 00 00 00 
00 00 00 00 1E 00 00 00 00 00 00 00 00 00 64 00 00 00 00 00 00 00 00 00 00 00 00 00 00 00 00 00 00 00 00 00 00 00 00 00 00 00 00 00 00 00 00 00 00 00 00 00 00 00 00 00 00 00 00 00 00 00 00 00 00 00 
00 00 00 00 00 00 00 00 00 00 00 00 00 00 00 00 00 00 00 00 00 00 00 00 00 00 00 00 00 00 00 00 00 00 00 00 00 00 00 00 00 00 00 00 00 00 00 00 00 00 00 00 00 00 00 00 00 00 00 00 00 00 00 00 00 00 
00 00 00 00 00 00 00 00 00 00 00 00 00 00 00 00 00 00 00 00 00 00 00 00 00 00 00 00 00 00 00 00 00 00 00 00 00 00 00 00 00 00 00 00 00 00 00 00 00 00 00 00 00 00 00 00 00 00 00 00 00 00 00 00 00 00 
00 00 00 00 00 00 00 00 00 00 00 00 00 00 00 00 00 00 00 00 00 00 00 00 00 00 00 00 00 00 00 00 00 00 00 00 00 00 B2 07 01 00 01 00 00 00 00 00 00 00 00 00 00 00 B2 07 01 00 01 00 00 00 00 00 00 00 
00 00 00 00 00 00 00 00 00 00 70 00 00 00 00 00 00 00 00 00 55 00 54 00 00 00 00 00 00 00 00 00 00 00 20 00 00 00 09 00 00 00 00 00 00 00 00 00 00 00 00 00 00 00 00 00 00 00 00 00 00 00 00 00 00 00 
00 00 00 00 00 00 00 00 00 00 00 00 6F 00 6C 00 6F 00 63 00 6B 00 29 00 20 00 77 00 68 00 65 00 72 00 65 00 20 00 6F 00 77 00 6E 00 65 00 72 00 41 00 63 00 63 00 6F 00 75 00 6E 00 74 00 44 00 62 00 
49 00 64 00 20 00 3D 00 20 00 40 00 00 00 00 00 00 00 00 00 00 00 00 00 00 00 63 00 B2 07 01 00 01 00 00 00 00 00 00 00 00 00 00 00 00 00 00 00 00 00 80 3F 00 00 00 00 00 00 00 00 00 00 00 00 00 00 
00 00 00 00 00 00 00 00 00 00 00 00 00 00 00 00 00 00 00 00 00 00 00 00 00 00 00 00 00 00 09 00 62 00 EA 03 00 00 00 00 00 00 AD E6 00 00 09 00 2D 00 02 00 00 00 00 00 00 00 01 00 00 00 0E 00 00 00 
00 00 00 00 01 00 00 00 00 00 00 00 1E 00 00 00 00 00 00 00 00 00 20 00 00 00 00 00 00 00 00 00 00 00 00 00 00 00 00 00 00 00 00 00 00 00 00 00 00 00 00 00 00 00 00 00 00 00 00 00 00 00 00 00 00 00 
00 00 00 00 00 00 00 00 00 00 00 00 00 00 00 00 00 00 00 00 00 00 00 00 00 00 00 00 00 00 00 00 00 00 00 00 00 00 00 00 00 00 00 00 00 00 00 00 00 00 00 00 00 00 00 00 00 00 00 00 00 00 00 00 00 00 
00 00 00 00 00 00 00 00 00 00 00 00 00 00 00 00 00 00 00 00 00 00 00 00 00 00 00 00 00 00 00 00 00 00 00 00 00 00 00 00 00 00 00 00 00 00 00 00 00 00 00 00 00 00 00 00 00 00 00 00 00 00 00 00 00 00 
00 00 00 00 00 00 00 00 00 00 00 00 00 00 00 00 00 00 00 00 00 00 00 00 00 00 00 00 00 00 00 00 00 00 00 00 00 00 00 00 00 00 00 00 00 00 B2 07 01 00 01 00 00 00 00 00 00 00 00 00 00 00 B2 07 01 00 
01 00 00 00 00 00 00 00 00 00 00 00 00 00 00 00 00 00 2D 00 00 00 00 00 00 00 00 00 28 C6 70 AC 00 00 00 00 00 00 00 00 00 00 91 C7 C5 C5 20 00 00 00 00 00 00 00 00 00 00 00 00 00 00 00 00 00 00 00 
00 00 00 00 00 00 00 00 00 00 00 00 00 00 00 00 00 00 00 00 20 00 28 00 20 00 40 00 61 00 63 00 63 00 65 00 73 00 73 00 50 00 6C 00 61 00 6E 00 65 00 74 00 49 00 64 00 20 00 3C 00 3E 00 20 00 2D 00 
31 00 20 00 61 00 6E 00 64 00 20 00 20 00 40 00 61 00 63 00 00 00 00 00 00 00 00 00 00 00 00 00 00 00 6E 00 B2 07 01 00 01 00 00 00 00 00 00 00 00 00 00 00 00 00 6C 00 00 00 80 3F 00 00 00 00 00 00 
00 00 00 00 00 00 00 00 00 00 00 00 00 00 00 00 00 00 00 00 00 00 00 00 00 00 00 00 00 00 00 00 00 00 00 00 41 00 54 00 45 00 EB 03 00 00 00 00 00 00 9C 3A 00 00 63 00 6F 00 02 00 00 00 00 00 00 00 
01 00 00 00 0E 00 00 00 00 00 00 00 03 00 00 00 00 00 00 00 1E 00 00 00 00 00 00 00 00 00 55 00 00 00 00 00 00 00 00 00 00 00 00 00 00 00 00 00 00 00 00 00 00 00 00 00 00 00 00 00 00 00 00 00 00 00 
00 00 00 00 00 00 00 00 00 00 00 00 00 00 00 00 00 00 00 00 00 00 00 00 00 00 00 00 00 00 00 00 00 00 00 00 00 00 00 00 00 00 00 00 00 00 00 00 00 00 00 00 00 00 00 00 00 00 00 00 00 00 00 00 00 00 
00 00 00 00 00 00 00 00 00 00 00 00 00 00 00 00 00 00 00 00 00 00 00 00 00 00 00 00 00 00 00 00 00 00 00 00 00 00 00 00 00 00 00 00 00 00 00 00 00 00 00 00 00 00 00 00 00 00 00 00 00 00 00 00 00 00 
00 00 00 00 00 00 00 00 00 00 00 00 00 00 00 00 00 00 00 00 00 00 00 00 00 00 00 00 00 00 00 00 00 00 00 00 00 00 00 00 00 00 00 00 00 00 00 00 00 00 00 00 00 00 B2 07 01 00 01 00 00 00 00 00 00 00 
00 00 00 00 B2 07 01 00 01 00 00 00 00 00 00 00 00 00 00 00 00 00 00 00 00 00 65 00 00 00 00 00 00 00 00 00 09 00 09 00 00 00 00 00 00 00 00 00 00 00 74 00 41 00 6D 00 00 00 00 00 00 00 00 00 00 00 
00 00 00 00 00 00 00 00 00 00 00 00 00 00 00 00 00 00 00 00 00 00 00 00 00 00 00 00 41 00 6D 00 6F 00 75 00 6E 00 74 00 20 00 2B 00 20 00 40 00 61 00 64 00 64 00 54 00 43 00 61 00 74 00 41 00 6D 00 
6F 00 75 00 6E 00 74 00 20 00 2C 00 20 00 00 00 09 00 09 00 09 00 09 00 6C 00 61 00 00 00 00 00 00 00 00 00 00 00 00 00 00 00 65 00 B2 07 01 00 01 00 00 00 00 00 00 00 00 00 00 00 00 00 3D 00 00 00 
80 3F 00 00 00 00 00 00 00 00 00 00 00 00 00 00 00 00 00 00 00 00 00 00 00 00 00 00 00 00 00 00 00 00 00 00 00 00 00 00 00 00 00 00 61 00 73 00 74 00 EC 03 00 00 00 00 00 00 9D 3A 00 00 55 00 54 00 
02 00 00 00 00 00 00 00 01 00 00 00 0E 00 00 00 00 00 00 00 04 00 00 00 00 00 00 00 1E 00 00 00 00 00 00 00 00 00 28 00 00 00 00 00 00 00 00 00 00 00 00 00 00 00 00 00 00 00 00 00 00 00 00 00 00 00 
00 00 00 00 00 00 00 00 00 00 00 00 00 00 00 00 00 00 00 00 00 00 00 00 00 00 00 00 00 00 00 00 00 00 00 00 00 00 00 00 00 00 00 00 00 00 00 00 00 00 00 00 00 00 00 00 00 00 00 00 00 00 00 00 00 00 
00 00 00 00 00 00 00 00 00 00 00 00 00 00 00 00 00 00 00 00 00 00 00 00 00 00 00 00 00 00 00 00 00 00 00 00 00 00 00 00 00 00 00 00 00 00 00 00 00 00 00 00 00 00 00 00 00 00 00 00 00 00 00 00 00 00 
00 00 00 00 00 00 00 00 00 00 00 00 00 00 00 00 00 00 00 00 00 00 00 00 00 00 00 00 00 00 00 00 00 00 00 00 00 00 00 00 00 00 00 00 00 00 00 00 00 00 00 00 00 00 00 00 00 00 00 00 00 00 B2 07 01 00 
01 00 00 00 00 00 00 00 00 00 00 00 B2 07 01 00 01 00 00 00 00 00 00 00 00 00 00 00 00 00 00 00 00 00 20 00 00 00 00 00 00 00 00 00 54 00 43 00 00 00 00 00 00 00 00 00 00 00 75 00 6E 00 74 00 00 00 
00 00 00 00 00 00 00 00 00 00 00 00 00 00 00 00 00 00 00 00 00 00 00 00 00 00 00 00 00 00 00 00 00 00 00 00 62 00 65 00 67 00 69 00 6E 00 00 00 09 00 09 00 69 00 6E 00 73 00 65 00 72 00 74 00 20 00 
69 00 6E 00 74 00 6F 00 20 00 53 00 68 00 61 00 72 00 65 00 64 00 54 00 43 00 61 00 74 00 20 00 28 00 6F 00 00 00 00 00 00 00 00 00 00 00 00 00 00 00 6F 00 B2 07 01 00 01 00 00 00 00 00 00 00 00 00 
00 00 00 00 20 00 00 00 80 3F 00 00 00 00 00 00 00 00 00 00 00 00 00 00 00 00 00 00 00 00 00 00 00 00 00 00 00 00 00 00 00 00 00 00 00 00 00 00 00 00 00 00 50 00 6C 00 61 00 ED 03 00 00 00 00 00 00 
9E 3A 00 00 20 00 6C 00 02 00 00 00 00 00 00 00 01 00 00 00 0E 00 00 00 00 00 00 00 05 00 00 00 00 00 00 00 1E 00 00 00 00 00 00 00 00 00 09 00 00 00 00 00 00 00 00 00 00 00 00 00 00 00 00 00 00 00 
00 00 00 00 00 00 00 00 00 00 00 00 00 00 00 00 00 00 00 00 00 00 00 00 00 00 00 00 00 00 00 00 00 00 00 00 00 00 00 00 00 00 00 00 00 00 00 00 00 00 00 00 00 00 00 00 00 00 00 00 00 00 00 00 00 00 
00 00 00 00 00 00 00 00 00 00 00 00 00 00 00 00 00 00 00 00 00 00 00 00 00 00 00 00 00 00 00 00 00 00 00 00 00 00 00 00 00 00 00 00 00 00 00 00 00 00 00 00 00 00 00 00 00 00 00 00 00 00 00 00 00 00 
00 00 00 00 00 00 00 00 00 00 00 00 00 00 00 00 00 00 00 00 00 00 00 00 00 00 00 00 00 00 00 00 00 00 00 00 00 00 00 00 00 00 00 00 00 00 00 00 00 00 00 00 00 00 00 00 00 00 00 00 00 00 00 00 00 00 
00 00 00 00 B2 07 01 00 01 00 00 00 00 00 00 00 00 00 00 00 B2 07 01 00 01 00 00 00 00 00 00 00 00 00 00 00 00 00 00 00 00 00 65 00 00 00 00 00 00 00 00 00 2C 00 20 00 00 00 00 00 00 00 00 00 00 00 
43 00 61 00 74 00 00 00 00 00 00 00 00 00 00 00 00 00 00 00 00 00 00 00 00 00 00 00 00 00 00 00 00 00 00 00 00 00 00 00 00 00 00 00 4E 00 44 00 00 00 65 00 6C 00 49 00 64 00 2C 00 69 00 73 00 53 00 
65 00 6E 00 64 00 65 00 72 00 2C 00 6F 00 77 00 6E 00 65 00 72 00 44 00 42 00 49 00 44 00 29 00 20 00 56 00 41 00 4C 00 55 00 45 00 00 00 00 00 00 00 00 00 00 00 00 00 00 00 63 00 B2 07 01 00 01 00 
00 00 00 00 00 00 00 00 00 00 00 00 65 00 00 00 80 3F 00 00 00 00 00 00 00 00 00 00 00 00 00 00 00 00 00 00 00 00 00 00 00 00 00 00 00 00 00 00 00 00 00 00 00 00 00 00 00 00 00 00 64 00 20 00 45 00
    PASS  T44_relog_serves_what_the_character_actually_has
    PASS  T44_item_single_persists_the_atoms_it_echoes
    PASS  T44_the_captured_combine_deletes_two_rows_and_inserts_one
    PASS  T44_a_consumed_stack_loses_its_row



